   14
Mouse      0.000000 1.704316 2.023514 2.137830 1.523245 1.826081 1.918186
   2.003899 1.943127 1.966306 2.059265 1.666422 1.732046 1.710085
Bovine     1.704316 0.000000 1.190135 1.328740 1.242259 1.250795 1.253571
   1.306626 1.282684 1.329598 1.200512 1.345974 1.375730 1.395565
Lemur      2.023514 1.190135 0.000000 1.290491 1.319935 1.388728 1.465761
   1.482603 1.450182 1.870774 1.535627 1.457684 1.780325 1.666099
Tarsier    2.137830 1.328740 1.290491 0.000000 1.787773 1.313686 1.378791
   1.382561 1.454319 1.668322 1.660637 1.593511 1.711870 1.759902
Squir Monk 1.523245 1.242259 1.319935 1.787773 0.000000 1.064193 1.112401
   0.983222 1.062849 0.922844 1.068146 0.912667 1.063523 1.055683
Jpn Macaq  1.826081 1.250795 1.388728 1.313686 1.064193 0.000000 0.102220
   0.206080 0.389473 0.803518 0.723934 0.727828 0.789861 0.693258
Rhesus Mac 1.918186 1.253571 1.465761 1.378791 1.112401 0.102220 0.000000
   0.268145 0.392994 0.710873 0.728960 0.741164 0.874168 0.711764
Crab-E.Mac 2.003899 1.306626 1.482603 1.382561 0.983222 0.206080 0.268145
   0.000000 0.366527 0.813162 0.789434 0.876339 0.886849 0.758908
BarbMacaq  1.943127 1.282684 1.450182 1.454319 1.062849 0.389473 0.392994
   0.366527 0.000000 0.785840 0.714006 0.796547 0.828829 0.854207
Gibbon     1.966306 1.329598 1.870774 1.668322 0.922844 0.803518 0.710873
   0.813162 0.785840 0.000000 0.709534 0.595859 0.621277 0.561204
Orang      2.059265 1.200512 1.535627 1.660637 1.068146 0.723934 0.728960
   0.789434 0.714006 0.709534 0.000000 0.460380 0.506477 0.469990
Gorilla    1.666422 1.345974 1.457684 1.593511 0.912667 0.727828 0.741164
   0.876339 0.796547 0.595859 0.460380 0.000000 0.350232 0.309660
Chimp      1.732046 1.375730 1.780325 1.711870 1.063523 0.789861 0.874168
   0.886849 0.828829 0.621277 0.506477 0.350232 0.000000 0.271218
Human      1.710085 1.395565 1.666099 1.759902 1.055683 0.693258 0.711764
   0.758908 0.854207 0.561204 0.469990 0.309660 0.271218 0.000000
