    5    10
European2   2
0.2868 0.5684 0.4422 0.4286 0.3828 0.7285 0.6386 0.0205 0.8055 0.5043
0.1628 0.5958 0.7298 1.0000 0.3811 0.7986 0.7782 0.0726 0.7482 0.7334
African2    2
0.1356 0.4840 0.0602 0.0397 0.5977 0.9675 0.9511 0.0600 0.7582 0.6207
0.0144 0.6990 0.3280 0.7421 0.6606 0.8603 0.7924 0.0000 0.8086 0.8636
Chinese2    2
0.2868 0.5684 0.4422 0.4286 0.3828 0.7285 0.6386 0.0205 0.8055 0.5043
0.1628 0.5958 0.7298 1.0000 0.3811 0.7986 0.7782 0.0726 0.7482 0.7334
American2   2
0.0144 0.6990 0.3280 0.7421 0.6606 0.8603 0.7924 0.0000 0.8086 0.8636
0.1211 0.2274 0.5821 1.0000 0.2018 0.9000 0.9837 0.0396 0.9097 0.2976
Australia2  2
0.0144 0.6990 0.3280 0.7421 0.6606 0.8603 0.7924 0.0000 0.8086 0.8636
0.1211 0.2274 0.5821 1.0000 0.2018 0.9000 0.9837 0.0396 0.9097 0.2976
European2   2
0.2868 0.5684 0.4422 0.4286 0.3828 0.7285 0.6386 0.0205 0.8055 0.5043
0.1628 0.5958 0.7298 1.0000 0.3811 0.7986 0.7782 0.0726 0.7482 0.7334
African     2
0.1356 0.4840 0.0602 0.0397 0.5977 0.9675 0.9511 0.0600 0.7582 0.6207
0.0144 0.6990 0.3280 0.7421 0.6606 0.8603 0.7924 0.0000 0.8086 0.8636
Chinese     2
0.2868 0.5684 0.4422 0.4286 0.3828 0.7285 0.6386 0.0205 0.8055 0.5043
0.1628 0.5958 0.7298 1.0000 0.3811 0.7986 0.7782 0.0726 0.7482 0.7334
American    2
0.0144 0.6990 0.3280 0.7421 0.6606 0.8603 0.7924 0.0000 0.8086 0.8636
0.1211 0.2274 0.5821 1.0000 0.2018 0.9000 0.9837 0.0396 0.9097 0.2976
Australian  2
0.0144 0.6990 0.3280 0.7421 0.6606 0.8603 0.7924 0.0000 0.8086 0.8636
0.1211 0.2274 0.5821 1.0000 0.2018 0.9000 0.9837 0.0396 0.9097 0.2976
test version for within-population variation, from
data used in Felsenstein, 1981 (Evolution).  From Mourant (1976).  Loci
(alleles) are:
A,  M,  Rh(CDE), Fya+, Hp(1), GC(1), P(a), PGD(c), PGM1(1), PTC(T)

