    40   2
1            4
2.25273908229901 0.963815560364561
1.11350957224795 0.79106081877789
2.02314855852104 1.07338875894707
1.84601015528153 0.390155939985278
2            4
-2.23634040516133 1.76533683312833
-2.39720075116023 1.84752836145184
-2.08483689986769 1.76674473287414
-1.80916762369507 1.23490626338702
3            4
0.373464354062773 0.673487921034149
0.0254558038202045 0.975980331474511
0.184391319681185 1.14973055426593
-0.186912470900002 1.27726654019297
4            4
-0.110396294479322 2.44644579044528
0.808506068646923 2.07161701521733
-0.413490111389417 1.92689813193536
0.359852082167224 2.54919292124312
5            4
-0.508443110644361 3.07837378093739
0.241412123815206 2.42368872285618
0.539805799106852 2.24922472385639
0.179858866732697 2.9584116439434
6            4
1.16223477056993 1.56891471408752
1.64103104282819 1.52535146506501
1.16740221664104 1.76015391636821
1.53358986595636 1.67117272277593
7            4
1.83104735051371 1.22465161960383
1.18670791215373 1.45902652321097
1.07583149824291 1.45074930032395
0.92440531713071 1.29564287522955
8            4
-1.24303627449226 0.58135213365685
-1.38532346615859 1.57802016393608
-1.23332739929698 1.3159179682309
-1.12671618266156 1.34294765162027
9            4
2.10976588658468 1.48146242765692
1.42869717329801 1.57621054610694
1.96040839093729 1.40285571325111
1.59989229849976 1.44348353348981
10           4
0.510557668080771 0.896747346155974
0.136980864001292 0.803863175901821
0.332298040061072 0.994583423350929
0.635070555248367 0.482311635654359
11           4
-0.243176548889004 1.60615253764166
0.562518496799096 1.4254670185789
0.547714904779046 1.25155189616554
0.310190435632981 1.54004308142617
12           4
0.291660310766875 -0.064500873717434
0.52111446239427 0.212065695768261
0.378639180123588 0.29097086057278
0.42476574875644 0.362839438647426
13           4
0.0210217749434117 2.03991786867602
0.250821079456199 1.9336341078999
-0.102368042799709 2.10927662856205
0.577142051246895 2.33847059627168
14           4
0.147465823957654 2.05376795141427
-0.268307495046991 2.08907879305573
0.437941534974315 2.23086955513142
0.37668341221321 2.3219332677383
15           4
-0.455845531935313 2.11889258739336
-0.680783722485575 1.91929629461994
-0.564468807855244 2.54610229333205
-0.404741022011454 2.28112463261814
16           4
1.72382628535906 2.34190383849234
1.43900165498006 2.21315973625964
1.70589771055657 1.99379377834937
2.06562373585817 2.5623860721438
17           4
0.888976298945088 0.626880622412931
0.586941841044462 1.47134254878066
0.508312608197845 1.1617729806818
1.21670650479079 1.64145949450711
18           4
1.26469870035026 2.25112936723712
1.15074555968621 2.13472865467735
1.63597144499827 2.46318586195984
1.86334949818556 2.02138674940239
19           4
0.122572738127569 3.02349234205628
1.16564506066372 3.57618570463637
0.512613394210353 2.66427149411095
0.527327647108211 2.77246397597353
20           4
1.13400039494395 3.01803428346831
0.176046757542487 1.96627584276232
0.268124176363132 2.57393035035236
1.40544507810192 2.70196143106594
21           4
2.11797818873015 1.13686629210049
1.45437441031898 1.83036218999059
1.95126585137792 0.849168089898461
1.65725764100007 0.98993328904412
22           4
1.63285186670833 2.2432969272205
0.518429756864109 1.83620147922998
1.41720980981044 2.26082053048791
0.635475782329829 2.06558387870467
23           4
1.01665288456111 2.57035576712389
1.19866640031334 1.72191460502174
1.2629424572733 2.0108281972521
0.928748198007102 1.82445532048948
24           4
2.51357526737698 0.501932993976543
1.82146338177264 0.523604397171906
2.72988240078838 0.927794247491507
2.49832566306999 0.857592336465467
25           4
2.69408451587065 1.52433185908355
2.96004006534779 1.47287157014047
2.99299477505055 1.62851706964892
2.75649753245544 1.97445985559971
26           4
1.02641987352725 1.2891893239285
1.38162518271954 1.07227142168213
1.13432936307549 0.931279881863149
1.54876489818431 1.34174534545558
27           4
1.91919405073026 1.39533893401004
2.29143443304464 1.28559294735313
2.00192084599834 1.30224301636837
2.38627432393589 1.13514680446176
28           4
1.93055384927786 0.963168159955359
2.2457787495008 1.63252187715862
1.79819879904966 1.76773670319569
1.94107944768438 1.31419664518713
29           4
2.36266157349774 1.02007091011871
2.11407015864953 0.632174585049717
1.82422525056671 0.988747269947995
2.19801800076271 0.630849426636216
30           4
2.86192091925959 -0.0189817164019396
2.85006046128367 0.465160949723042
2.71287937108982 0.370674561529973
3.79659302681661 0.725168463648366
31           4
2.54073539705484 0.425715258786416
1.83882620904388 0.56361245390607
2.5483252845868 0.233111404258318
2.75925952967458 0.0333338857022789
32           4
2.2324745612384 1.45622114433908
1.58404112904079 1.25958360462622
2.08127352334431 1.38285632733306
1.88998254595797 0.927794288455264
33           4
3.39675877635062 0.646715260201048
3.27631788661184 1.06495550773262
3.65633806075082 0.645605985251002
3.02686867245215 0.804283883840527
34           4
0.483790531901037 3.12084835056835
-0.808913663905005 2.59931390276319
-0.264768341083616 2.71618912347732
-0.135429903525039 3.25163283443093
35           4
-1.2725065268892 2.84565751074937
-0.568157571088869 2.84776561474897
-0.0568364042290408 2.89635407300821
-0.711826095039112 2.81335978205251
36           4
2.98410099511312 -1.1226356887541
3.31230266507616 -1.07613851317221
3.08888393819982 -0.301299827144936
2.37377369277297 -1.12969590971669
37           4
1.94647785083698 -1.45030276147489
2.23452102430779 -1.30361504835952
2.34380200203525 -1.18794880549491
2.62822062664964 -1.47678530704409
38           4
1.00669787504044 -1.87788965438455
1.08542565972435 -1.54122491044896
1.03633454268532 -1.19995484705466
0.921169542618183 -1.66266730442681
39           4
1.4025465822457 -0.997418766293989
1.26057083927565 -1.70052809696319
1.24532367194773 -0.773485196507816
0.954211469277442 -1.27880173587875
40           4
-1.37616898673114 3.02274193748843
-1.88355434246504 3.15009340217582
-1.75595792266625 2.51653249525624
-1.49578466485049 2.10963436230832
